-792.0691100803682	-61822179.92825127	11529875131.263367
-396.6168814286611	-230340271538.5678	85203691578.29906
-387.9643072870591	-10120041456.964005	99732590983.92772
-379.3038259613971	47212200334.56541	74762158731.40169
-370.1874256502788	-251679988027.80566	91527225116.7767
-363.0777429050563	-38386303016.17364	98126770748.60202
-355.9681570473389	111134097974.83205	104202470023.20972
-348.8585710281436	-36346398590.3779	99252557412.98834
-341.74898517042624	-116387393626.16484	94153218704.80199
-332.64830260908593	2777013195.9101257	93444105671.56636
-323.97793703416085	-27426993209.5701	98260388961.02696
-315.29966427519236	6432672478.308426	74295306030.54431
-306.20105539738057	297277119252.52985	110476944355.37572
-299.0913726521581	48118900577.60229	100620240542.96463
-291.98178679444067	66986276230.053406	100695414173.64192
-284.87220077524535	49982849214.38434	102216247544.8079
-277.76251802999786	-57754136132.743164	96169563977.88644
-268.6797237894941	-25471550288.07414	88690965555.47597
-259.99156678123757	82665154709.88805	101341346268.54486
-251.29550258898772	26414911954.221745	75266668775.54793
-242.21458841845515	-14027076123.521805	99630194568.29944
-235.10500239923482	-11112969472.30352	99008126997.41681
-227.99541654154248	-50002447622.441574	98264079596.3751
-220.8858305223221	224220806166.78915	107683358051.46355
-213.77614777709965	68798327284.18262	100884712321.18114
-204.71114496988568	-51422588845.54513	88487927404.63823
-196.0051965283643	181202310922.74335	110736128215.24266
-187.29134090274965	-33397626824.780697	72922489828.52774
-178.22821816553187	138551344185.2765	103688771240.65675
-171.11863214633655	76822164653.4962	111271009510.78645
-164.00904628861917	212319974308.96823	107952943264.86703
-156.89946026942386	-17119283387.65483	99745964877.60838
-149.78977752420138	254658941504.43042	107721259692.45108
-140.7425661502939	-366370386.1224022	91546071723.84186
-132.0187295494389	112932330590.9877	103515579796.90765
-123.287179216545	180337130365.31714	81223305265.78104
-114.24184791265864	257328711272.87158	107399892590.62096
-107.13226189343831	61710069202.78595	100816385439.92976
-100.02257914821584	386771248857.4863	113355683076.31775
-92.9130900165006	380822793189.04974	116851644299.94888
-83.88156415037875	323766748525.3915	100185485527.17848
-75.14204204176315	247679409398.3828	107756882557.53566
-68.03235929654065	617966874592.7551	134996438592.3377
-59.283017530340295	712011762683.8898	115136564978.4039
-50.255477659760395	609505073814.7515	150278968875.59647
-43.14589164054007	527226492925.98956	133417554447.18462
-36.0362088953176	604691682469.9395	142872497045.54156
-28.92671976362741	613915678480.2854	142329060530.6066
-19.912985330803625	592586206085.5747	120361038003.7105
-13.310213817828332	615491400593.2557	168655560011.94672
-6.19460052308299	356026086968.4513	134925514738.54863
0.9208189967022509	452578284547.1311	139847461451.62515
11.59414205131517	308033515622.10754	90754529437.85416
22.26746510597818	247577349033.19354	121941576711.8146
29.383078400773613	29296228809.96576	111979330341.44672
36.498497920458675	46626356945.65851	112739178528.26456
43.61411121530419	-47246666284.74438	108685846656.76808
50.729530734989254	151059123234.62018	117439891783.11316
57.84514402978469	-225414908502.6577	101396814451.98895
64.96056354951985	43392252672.07669	112625812537.1397
75.63398349168794	45280028271.67294	79847413633.26625
86.30720965879577	-24000610766.822422	109738658606.72466
93.42282295359121	-41983843943.98172	108982777990.66171
100.53824247332635	56741152066.46006	113276947905.5968
107.65385576812179	-158653003771.26782	104152375913.30292
116.81706871698162	14713903031.36991	98991779146.04318
123.92675146217908	238478680074.30994	108429687773.88536
131.0362405938693	-93581416347.98187	95387156829.06903
139.8411271233706	-13256674792.341816	73258228720.29109
148.81321911817966	-127502193186.61859	94274871970.66714
155.92290186340216	112210717161.16217	102935812363.81406
163.03239099509236	-100350270310.79208	95806855892.19333
171.99281561200655	-138238034524.4482	85278118226.52719
180.80343896985488	-19940539911.368813	97881239025.08932
187.91312171507735	-102572654175.80412	96192244178.65915
195.02261084676752	47399146818.66737	101139840730.9606
203.84528880955864	11411442216.200035	74908459230.89005
212.7995893710779	-127086541178.66211	94611047040.45036
219.90927211630043	94204251749.7279	102224764205.93483
227.0188579740178	-74767143408.68027	98129265867.16833
235.96139443159834	177187611119.0427	94775994357.81725
244.78980922275312	46571924477.66992	101479782749.53693
251.89949196797556	-88717672632.43614	95647193381.4973
259.0090779871959	-146371261460.5266	94101279285.81998
267.84945049578	-114723589157.58073	70897709627.83339
276.78595962397617	-7059008819.6306305	99458233326.1589
283.89564236919864	114666682500.73404	102692414106.34174
291.00522822689106	-133674257132.45967	94523018173.41228
299.92997325120683	102273451901.50899	94198250596.14943
308.77617947562635	26737317137.942715	99775625524.30171
315.8858622208989	-10566607983.605396	98524213780.92242
322.9954482400941	52184012669.55636	101487729524.59348
331.8536121819847	18212935978.969803	76493777851.34962
340.7723298768744	-188689050138.92862	93515964379.50124
347.8820126220969	137310162630.73074	105002410132.61734
354.99159847981423	-210266551732.8595	92701753860.74715
363.89855207081536	34656743618.9173	92074492307.91827
372.76264661605467	-52872289211.3091	98880778082.0117
379.8722324737971	-90989816560.45546	98342787944.78793
386.9818184929924	84947959913.89879	105850821227.81987
395.8577738682061	-17226605536.88145	76800507419.56355
715.9949018136248	64681342648.66305	10899733349.176268
